"SliceTiming": [
    0,
    1.25,
    0.0378788,
    1.28788,
    0.0757576,
    1.32576,
    0.113636,
    1.36364,
    0.151515,
    1.40152,
    0.189394,
    1.43939,
    0.227273,
    1.47727,
    0.265152,
    1.51515,
    0.30303,
    1.55303,
    0.340909,
    1.59091,
    0.378788,
    1.62879,
    0.416667,
    1.66667,
    0.454545,
    1.70455,
    0.492424,
    1.74242,
    0.530303,
    1.7803,
    0.568182,
    1.81818,
    0.606061,
    1.85606,
    0.643939,
    1.89394,
    0.681818,
    1.93182,
    0.719697,
    1.9697,
    0.757576,
    2.00758,
    0.795455,
    2.04545,
    0.833333,
    2.08333,
    0.871212,
    2.12121,
    0.909091,
    2.15909,
    0.94697,
    2.19697,
    0.984848,
    2.23485,
    1.02273,
    2.27273,
    1.06061,
    2.31061,
    1.09848,
    2.34848,
    1.13636,
    2.38636,
    1.17424,
    2.42424,
    1.21212,
    2.46212],
